62
62
130
127
266
58
45
246
91
83
248
29
145
165
22
263
28
260
117
228
42
183
188
174
64
202
261
62
68
245
239
84
101
105
147
262
41
175
124
204
89
177
218
225
264
203
222
262
137
166
170
26
64
159
138
181
29
51
160
52
136
68
50
120
60
247
97
248
112
259
77
171
224
27
238
182
87
246
261
83
228
194
201
55
102
158
256
176
257
184
33
90
245
139
80
145
203
111
42
128
123
260
178
48
66
240
54
86
71
246
62
131
53
169
66
123
155
156
138
99
103
114
218
231
215
137
21
157
68
121
230
175
30
82
43
214
252
83
100
153
40
107
135
195
26
215
109
68
89
183
218
67
137
103
249
56
174
242
108
182
250
155
255
140
155
30
226
78
137
218
103
230
182
85
135
138
228
63
267
103
85
24
74
28
45
71
198
74
220
239
263
223
267
94
149
201
138
164
175
73
137
167
32
42
203
41
106
203
160
195
269
73
138
260
70
104
228
88
126
171
166
114
202
62
248
72
33
165
183
146
128
113
188
152
142
37
75
237
133
112
83
47
34
47
260
236
165
250
253
78
38
165
140
156
180
257
238
176
221
68
259
243
210
192
239
147
134
246
82
242
92
111
25
257
116
26
131
41
108
247
203
267
225
99
87
259
43
148
50
97
217
73
252
123
142
77
206
183
95
29
77
225
148
78
32
118
218
136
241
71
37
153
76
39
224
243
115
121
25
100
160
28
216
22
214
59
81
268
170
190
107
118
26
108
207
268
212
25
80
83
101
223
81
154
186
122
110
50
101
138
205
157
261
115
253
181
60
74
178
190
78
53
238
29
113
266
168
66
93
125
30
149
35
252
259
117
262
155
197
95
133
215
51
191
263
160
104
202
122
198
222
248
240
260
151
203
38
181
69
230
115
170
41
199
32
62
135
35
101
178
92
136
170
156
70
202
88
113
134
258
148
63
96
224
87
104
47
163
62
182
137
202
35
164
24
119
98
58
256
227
61
134
242
206
85
121
161
269
226
231
152
154
203
52
269
178
211
77
217
204
217
107
43
99
224
265
82
180
205
204
67
47
70
167
135
119
112
120
213
150
184
175
204
22
216
53
156
250
172
77
46
155
200
43
144
215
23
85
256
176
40
64
247
169
71
178
148
165
207
170
258
127
180
254
80
121
230
205
257
155
45
55
55
169
169
80
44
225
183
235
83
82
205
104
24
149
218
217
151
212
39
39
66
264
253
87
256
90
157
256
117
238
169
64
159
80
153
165
81
181
225
135
235
249
218
95
256
173
39
42
152
158
42
246
97
104
106
238
156
245
122
51
119
124
201
61
64
197
143
245
138
263
185
202
128
210
214
260
252
251
120
58
103
27
66
167
254
212
153
83
37
181
216
238
139
63
262
56
164
161
99
22
237
79
260
111
215
72
241
228
205
225
215
29
242
22
27
80
30
38
180
244
101
121
149
173
140
133
42
262
245
89
242
197
141
115
71
187
96
120
115
226
201
162
246
118
