-17
-20
-92
15
-54
32
-89
-83
-20
-14
-15
50
-10
-63
14
-19
-38
-50
-83
-91
34
-77
-94
0
-70
-71
-52
28
-69
38
16
89
-19
-23
96
-42
-69
1
-30
54
94
-31
-81
-29
-80
-98
57
-29
-2
-8
86
-2
-71
85
-25
-54
-73
-83
99
9
-93
3
66
42
29
-53
38
99
-23
47
23
-33
47
-65
0
-17
-34
-28
41
-25
-88
96
4
62
33
66
84
92
-25
43
-1
70
-95
-83
-10
-26
-89
72
98
87
75
-65
-91
76
-68
-41
-64
-92
2
77
-72
52
55
-33
76
45
44
-94
61
-96
17
9
83
32
11
89
40
-99
-66
-2
-93
-38
40
-15
39
88
-39
-28
-89
-29
-83
87
49
-32
80
-20
-32
92
88
-10
-98
-64
-76
-34
67
-88
-73
-42
17
-67
-84
8
-25
-24
-94
45
-3
19
59
-68
-37
-20
23
22
96
-19
-28
-74
15
-61
-98
44
-29
52
80
99
-68
-82
-34
-86
-88
74
7
20
72
-49
-79
-77
-69
-31
64
57
10
-53
49
47
-61
36
31
65
32
-85
45
-58
9
-5
-5
42
-77
52
80
95
79
20
56
13
41
-79
-48
-44
-41
-68
-51
5
38
65
-53
61
16
-20
79
76
90
-52
-100
97
-87
10
86
78
-39
-83
12
-30
27
-39
50
-7
-16
-91
90
38
-32
-9
-3
70
94
-65
77
-84
-71
-48
57
-97
-70
-52
57
75
-48
29
-96
-81
30
-99
-52
-36
56
-19
84
20
86
-80
37
-3
11
-60
9
-7
-99
-62
28
4
46
-22
11
-81
-34
38
-61
-30
-27
81
-99
-61
-19
-12
81
44
15
60
-28
-4
-8
-32
-78
3
-80
46
-93
-30
47
63
10
62
-83
-13
-70
-44
87
-90
-26
31
-21
98
69
-58
-51
-45
27
-90
-66
64
56
68
24
56
86
-13
80
81
-73
24
-6
86
38
-32
47
-2
100
71
32
74
21
59
-52
82
100
-19
-83
-20
13
21
9
-34
-22
18
-44
-20
95
2
62
-90
32
36
61
-31
-42
-58
-79
-87
-62
-24
27
16
-55
-23
29
-41
11
-47
-52
29
98
-30
4
21
-77
81
50
-74
-79
53
-14
94
-100
-86
50
82
34
-41
-21
-48
-26
33
-40
28
43
70
-60
-80
-58
0
-25
55
-55
91
45
-21
-25
-64
23
86
-25
99
-36
74
-80
35
24
-27
-60
-77
43
7
58
29
-12
-13
22
-50
-41
78
-52
97
-6
15
48
78
37
91
-52
100
69
22
74
27
51
8
15
-15
-81
5
-24
98
96
75
-39
8
-71
-38
4
-5
-60
9
-1
83
71
63
-88
-53
56
100
-31
-64
47
-81
48
80
96
-71
16
34
-70
-88
65
69
96
42
-26
64
86
31
-54
-89
-92
10
-7
22
-53
-72
64
75
-73
30
84
55
86
-68
-42
35
97
-33
73
60
-67
32
-65
-10
-38
90
98
-85
16
47
8
-52
52
55
-57
32
26
-47
52
-26
74
19
62
97
-20
30
76
15
32
-53
55
7
69
-94
-59
-56
-13
88
61
-60
-43
71
-26
-94
-77
21
-24
70
-19
68
39
-99
59
87
-13
-30
0
-46
-97
97
43
-3
-43
48
-59
52
66
-42
36
12
-90
-43
-1
-55
47
-72
65
68
-63
-59
-47
-6
3
57
36
-57
63
5
79
58
-57
87
43
-72
88
21
27
-5
90
10
-70
-83
4
22
-76
-81
54
88
-41
69
6
92
-48
39
-45
-6
-91
1
10
-13
16
74
-63
-55
-90
45
72
-18
74
40
29
12
72
-32
29
39
-39
27
31
25
77
-36
57
5
62
-78
-96
-6
-27
-37
75
-58
88
-58
25
-35
98
-52
58
46
95
99
-87
31
27
7
-14
-41
19
100
37
-94
51
11
100
24
33
-56
96
92
68
30
16
-65
34
-15
-19
-3
23
-66
-93
-32
-21
75
-11
70
-68
-21
-9
-29
71
-41
-50
54
84
-53
63
-82
75
7
-10
66
24
86
-92
86
69
-72
-12
32
72
-4
5
-48
71
54
-74
71
92
-75
83
-89
-34
24
71
-86
-51
12
-16
-89
84
-7
56
37
16
-84
-48
-55
64
77
59
-9
-1
12
54
40
-6
-67
9
-65
-21
-26
24
59
9
-98
-94
-95
-16
-63
25
72
4
-8
-7
65
15
2
66
-77
-31
-46
14
-43
-70
-42
72
-86
33
-13
-57
97
29
-48
82
-67
-11
9
1
-38
-99
-64
71
-93
68
82
-80
-38
-57
-89
82
56
0
47
98
-53
-38
-96
3
-89
-43
93
57
-69
63
-29
58
-91
-44
-70
-94
-16
-27
-66
-85
-32
-35
-63
-39
77
89
-93
-44
37
42
61
-26
-79
-47
15
-97
0
-18
-77
79
-35
55
51
60
-12
29
74
-14
2
55
-61
83
51
57
22
69
-89
-77
-40
-45
-6
48
88
-80
-11
-65
-47
-47
-4
11
-60
-21
68
-50
93
-83
32
-12
12
38
-4
-47
52
-1
-1
-27
-1
24
96
76
-90
78
-98
46
-3
44
-4
-91
62
48
-29
0
1
-59
45
71
-99
-6
-68
-98
-71
73
86
53
78
32
89
13
-85
1
19
-57
-94
32
-8
-86
84
54
-58
38
-11
